3.462256130501911500e+00
1.171192191928614790e+00
1.034159361718077319e+00
2.912274417081433531e-01
2.003923018260215017e+00
2.556943986990132256e+00
-4.181049233666429554e-01
5.543538192755368410e-01
2.198935875859947320e+00
-2.478406973546956049e+00
-8.875071757084947777e+00
-1.198809382727362127e+01
2.599288120185016648e+00
-9.294206218790613150e+00
-4.483816870284696998e-01
-4.752249210174318783e+00
-7.090965253059567930e-01
-3.023262255040084945e+00
2.968533552008194132e+00
3.463650768142040537e+00
6.072457272150320051e+00
-7.855910526584972686e-01
-2.773580353547032029e+00
1.100253897925526747e+00
1.626147600124203230e+00
-3.868405577870406287e-01
4.489956935720591069e+00
2.158089617410052341e+00
2.279796626873629162e+00
2.033448818790144941e+00
-3.880065265369508243e+00
-2.712161256363109896e+00
-6.040623661844867875e+00
-3.438225713279980944e+00
-5.571561668160013525e+00
4.294771130528885372e+00
-2.269718003883327118e+00
2.332468683349660843e+00
7.736057309316582975e-01
7.305232163829945558e-01
2.511354144095331087e+00
2.722605153168787595e+00
1.923031153891476830e+00
5.145166313365064248e+00
1.485003337287350567e+00
2.875575813680800508e+00
-7.505969015257512034e-01
-4.942142372950370621e+00
2.055937529353907944e+00
-3.491303584104809232e+00
-8.387360468117283085e-01
1.955629549009969548e+00
-6.370288731233728075e-02
9.395331564201427066e-02
-1.331133152581259749e-01
-2.666275172658180148e-01
4.289029254441938832e+00
-2.765628792280307024e+01
-2.589966890536265609e+01
-1.050573002468703221e+00
-4.988528233639226150e-01
-2.208456165266446281e+00
-1.987636736630343570e+00
-1.723405281110564502e+01
-2.646527882986426050e+00
-1.357938698798338284e-01
-1.164514504488451729e+00
-3.650614069712398546e+00
-2.823040488778775892e+00
-1.062836631986397329e+00
-5.692665053128050268e+00
1.373020561672274376e+00
-6.251852407876412165e+00
-2.885012226577426731e+00
2.463849069188519536e+00
2.050645565809971593e+00
2.553287393316776122e+00
4.963794718909579018e+00
-5.736920605193366329e-01
1.601794799234209865e+00
-4.241371155437455298e-02
-2.178134673930452458e-01
-1.534471432213277531e+00
3.818139296646480219e+00
1.284883683107722385e+00
-8.503506457159996090e-01
-5.702250387126545084e-01
-2.672824627900686867e+00
-1.471198567854669292e+00
1.429174003623149947e+00
9.597053000104416309e-01
-2.205165607825585017e+00
-2.914421219675816133e+00
-3.836481253215586307e+00
-3.412098671067825162e+00
-2.941944985488540887e+00
-1.328356144333920463e+00
1.059223958733070292e+00
1.643209343491119911e+00
1.733160727931610579e+00
3.107731018510344057e-01
1.062115541064846402e+00
-9.677290538022733646e-01
2.186979950609899137e-02
3.480971462934355221e-01
-7.198302458033320583e+00
-2.214873113450746889e+00
-1.298454883171079466e+01
-1.145331530713491119e+01
1.367706883135499929e+00
-4.686808215831595348e+00
-3.101929425443632926e+00
-1.787260071154640917e+00
1.479654328316821310e+00
2.055702984756317964e+00
-4.282846483332127363e+00
-4.806870692520415211e+00
-2.840716205759092450e+00
-7.843625211232764016e+00
-2.081657775139261535e+00
1.542965333980386156e+00
2.210118779063081629e+00
3.696196138987083213e+00
5.267142118519003269e+00
-2.356556710021116885e+00
4.041546803473111682e-01
7.281970019746799139e+00
-4.365702424104362045e+00
2.130796032912463556e+00
-6.603231010601494644e-01
-6.028210350262355632e+00
-1.415183727794475876e+00
-3.892477341551568770e+00
-2.753706307103239492e+00
-1.573710098242087296e+00
-2.817654875301363937e+00
-8.446246841954820894e-01
-2.863562453381097939e+01
1.623947487197370920e+00
2.809417231952433980e+00
5.881109974092303183e+00
-2.597145071150542250e+01
-5.719884529499030812e+00
-3.472906775979433647e+00
-3.284439789867032555e+00
-3.110130443508463127e+00
5.840024640848010540e-01
4.856189914611411140e+00
-4.580036269630328505e+00
-6.067898319786740657e+00
5.263807186566458185e+00
-1.309932820852810709e+00
2.273529397096546723e-01
-1.356367316426167591e+00
-5.473861622830177076e+00
-4.356102562828731095e+00
6.166305444395237673e-02
3.205565743680421908e-01
4.209527854651769374e+00
-4.372923841633876485e+00
1.307032888061186116e+00
-6.548245510018173121e+00
3.522130037366774769e+00
-4.205053149138612945e+00
1.473245679315159151e+00
-3.529517408942212597e+01
-3.636117731260559083e+01
-3.021780120315938944e+01
-2.959761713008619211e+01
2.639494405692462409e-01
-4.417258530250651205e+01
-3.126905650737671394e+01
4.600478582794944060e+01
-2.819544963757627087e+01
4.061111974307564765e+01
2.317122788330084893e-01
-2.647349283869463576e+01
-2.647474885050053217e+01
-2.665726465489819219e+01
2.900860781503243668e+00
-2.002672372729268069e-03
-2.759947426322534980e+01
-2.594050817756698635e+01
-2.813378178185735123e+01
-2.865651338775712986e+01
-2.841320492859552260e+01
-2.717639977275267782e+01
-3.217926046566559251e+01
-3.273774573369880869e+01
-3.393843026866140633e+01
-1.950926779439228653e+00
-2.879059526206350483e+01
-2.494255969781617566e+01
-8.975065249544809942e-02
-2.486038165892944107e+01
-7.717255085314333130e+00
-7.225962071920855934e+00
-9.776916738644986893e+00
-5.658476415026181705e+00
-6.708533857418804480e+00
-4.779659201709552718e+00
-9.280550588095476172e+00
-5.160930069003659248e+00
3.118810594152245041e+00
-6.006561205402650705e-01
-1.887394449915993633e+01
3.204242999430390260e+00
-7.501168100203840783e-02
-1.105070558112663903e+01
-1.265034469209244783e+01
-5.585210122836270941e+00
-1.138817763924957838e+01
-1.166824994540420590e+01
9.699206088138450088e-01
-3.509532427586503189e+00
7.952105958527356799e-01
3.307284695843880851e+00
-5.519063442129602315e+00
-1.277316805993737781e+01
-4.512733895417357921e+00
-4.597211593822181364e+00
-2.137951262053128332e+01
3.928512277714063750e+00
-2.762613795968382746e+00
-7.961143638854841775e+00
-6.414673564984182619e+00
-4.873577176859612337e+00
-3.235846012429127505e+00
3.958526955729217089e+00
6.678412694791227011e+00
4.009013453588030629e+00
8.491735326704576536e+00
2.732497854606054322e+00
-8.126554803011815764e+00
6.916705229188204740e+00
-7.682979712303652953e+00
-5.288791756876835670e+00
-4.038875381565799394e+00
8.814333262846409944e-01
-8.886173792851826292e+00
-8.249084488533517501e+00
-3.136129901188828839e+00
-6.165046114879206840e+00
-3.556657381359410675e+00
-1.200049323040265392e+01
-1.547935901378104617e+01
-1.808652667172004458e+00
-1.038533845598671945e+01
9.634741005084464405e+00
-9.286133906068473109e+00
-9.634411385189983079e+00
-8.002212157240863988e+00
5.689735182723056006e+00
-9.515646092295877712e-02
-3.913349598661008066e+00
-1.223964820640486950e+00
-1.168600441706919746e+01
-1.400303264219032151e+01
1.798857527385917310e+00
-6.877768294139548821e+00
3.706413845653719452e+00
-6.290620045574452313e+00
6.428470901146877026e+00
-8.211054234995632584e+00
5.774994762027447770e+00
-9.779581702985543856e+00
-3.515517693551191147e+00
-4.251837819550273068e+00
7.324019156260981323e-01
5.064807519315436046e+00
-3.563699820201055246e+00
-1.441320053708304805e+01
-7.570007041990261420e+00
-4.712829068250115050e+00
-1.139006896015458103e+01
-1.303912873358901869e+01
2.457594528408713064e+00
-3.752826505980348060e+01
4.762267316449136922e-01
-1.412042500989272531e+00
-2.653034690695142750e+00
-3.187603777099246471e+01
-2.781614346624028045e+01
-2.906739161000172089e+01
7.871084358736883946e-01
-2.043526876007693893e+00
-3.859137137389124561e+00
-3.582604537906381115e+00
-1.599424720023565893e-01
-3.519849716452219113e+00
-1.528723607046983179e+00
5.781783060911440675e-01
-1.079091467190720771e-01
8.166414008388742651e-01
-4.137959193712740458e+00
-2.975123945597442532e+00
-1.806396271300023448e+00
-1.422837449898492590e+00
-1.504500904069337119e+00
5.820905873100755690e-01
-4.272856991765809909e+00
-2.854358878315187642e+00
-3.344419860993743221e+00
-1.482181850631811182e+00
-1.647917825079820320e+00
1.423000565422247066e+00
-1.427692681880181613e+00
4.739189224074371154e+00
3.060519754448152163e+00
2.842957391386683685e+00
1.430894089592321450e+00
-3.072008778461172707e-01
-1.238563672202775690e-01
-3.837462215072458438e+00
1.241120032705396836e+00
2.620788708800592559e+00
-3.704615466712696481e+00
-1.206388369614194600e+00
3.772764765559213807e+00
1.052661279651904280e+01
3.991400353178425675e+00
2.416146460066299184e+00
-2.585062683997167454e+01
-2.700647850341229628e+01
-2.714030944248593258e+01
7.493665128261594033e-01
-5.369025248006097151e+00
2.468699287324740865e+00
4.875874890813424734e-01
2.831017757774244581e-01
8.716421791483723869e-01
2.848985385735229858e+00
-1.198231385883385736e+00
7.696533231535656050e-01
1.204686722400112764e+00
-1.350376868292501864e-01
-1.332614068047980049e-01
8.787599091290809739e+00
3.139612024835759296e+00
-1.996120702774050848e+00
-1.120111688271974576e-01
5.228931963689079643e-01
1.528353805917092911e+00
2.557258922541687074e+00
1.396487086580815162e-01
-2.145111534940341347e+00
-9.022004382238146825e-01
3.696240207426015001e+00
5.047045969302653035e+00
-2.343797889361209386e+01
-1.052815307217518592e+00
-2.299442307553459575e+00
-5.485995434277668892e+00
-5.414703348999047039e-01
-3.152363810044969128e+00
-1.177353309333160347e-01
1.423408804996042720e+00
1.276369828523177041e+00
2.775512282621829918e+00
-2.459246534337432788e+00
4.430120131387913496e+00
2.915869140109784929e+00
3.311711751223169298e+00
2.775054223346208104e+00
1.064288544567735667e-01
3.893393050064820393e+00
6.986653871076670130e-02
3.420509780719072773e-02
3.226314932711892958e+00
-2.721604848545662869e-01
3.380236526804424324e-01
4.597289576790080545e+00
-1.774279379633912024e+00
7.508681658225800248e+00
2.664792380093947699e+00
3.192557627150327093e+00
3.007888698467996225e+00
7.624632066861957158e-01
1.286818237797565212e+00
4.586920033297765542e+00
4.437892909874139313e+00
7.460636661786477219e+00
-7.518431766020258200e-01
7.950123227333520504e+00
1.941021221608886460e+00
7.659186038765568583e+00
-1.259861796298530567e+00
4.019126595408669012e+00
1.072179640334862127e-01
-8.382691877250884049e-01
-1.749565410923704878e+00
-3.233897759714699394e+00
-2.292202030102350463e+00
-2.194705874575256566e+00
-9.135183780983352264e+00
-2.431950394923192871e+00
-3.546816255963277431e+00
-4.425965967458101447e-01
-2.418373837377618241e+00
-1.695383407666266162e+00
3.617812233626704455e+00
5.093413619984250573e+00
4.702477786786015912e+00
3.637245126896569758e+00
5.770433665153282821e-01
7.952582232126533812e-01
4.344561259296368938e+00
1.677291943000374097e+00
1.463153361436145272e-01
2.464365873178546718e+00
2.306370391696953348e+00
-1.564049969504856197e+00
4.934187079701785605e-01
-2.741059519699158287e-01
-8.964890626441452071e+00
-9.567279711708295276e-01
-1.129954205586287230e+00
9.930754238006028745e-01
-6.692469543382710828e-01
-1.106904706268417637e+00
2.082029829298726042e+00
-1.671566052654551049e+00
5.011873365480761677e+00
4.566544032843761869e+00
-1.062995675322876199e+00
2.888023476596974781e-01
1.485591160766081664e+00
3.286473735622514436e+00
4.999769015715795462e+00
-7.768549811718489240e-01
1.466236172727730880e+00
1.168729386114527175e-01
-3.227788395937984944e+00
2.330509537153517829e+00
-4.169460992428899893e+00
-1.115481547601034906e+00
-1.893284113654195799e+00
-9.461994537862047361e-01
-1.992091076312131614e-01
-3.742048499307257803e-01
1.373305180065144127e+00
-4.650370817999579742e+00
-3.275584427074200278e+00
-1.155601009429108705e+00
-5.548708371391535277e-01
-2.664610751263562172e+00
9.700131388047489311e-01
-3.338612344030193579e+00
-3.481511244427450524e+00
-3.623183347401910948e-01
3.679118406713123068e+00
1.232449259488493487e+00
-1.015651302901287467e+00
-1.063059307132997011e+00
-8.711199116663758124e-01
-4.446891872041446980e+00
-5.896829609558821517e+00
-2.214883918685039088e+00
-5.148651989958803910e+00
2.895374044181258988e+00
4.674733310890295118e-02
3.653085457426370475e-01
4.574407795714446223e+00
1.367651970753595014e+00
3.268699066431130174e+00
1.902355769530527541e+00
2.363503700724604251e+00
8.296501262713279479e-01
-2.252046764087969888e-01
-1.956902799206605925e+00
-1.492000083470674365e+00
-4.411074613732020033e+00
1.324276426181752342e+00
-5.461255089820958197e+00
-1.370335694974634144e+00
-9.877273261952635997e-01
2.533006081136910836e+00
2.445163214343458069e+00
5.862241634814100433e-01
2.150943720252158631e-01
-2.642290051467052425e+00
-6.000281163219889358e+00
-2.424200515391835964e+01
-1.608618759850920288e+00
-6.948080577351420040e+00
7.757828246145549722e-02
-2.667294204025300175e+01
3.411954229953248152e+00
-1.756934181442138199e+00
2.464234914823291600e+00
1.990397051388177907e+00
7.760659125091502908e+00
-1.446729488678008435e+00
2.743808742915262222e+00
-5.653473066993517371e+00
-3.057702786123293492e+00
-1.079129862427492315e+00
5.610556687010211929e-01
-1.476916798139190412e+00
-8.496132329925555615e-02
1.742807014863062554e+00
-2.326524411643049906e+00
2.476427163423244870e+00
1.157254911509334017e+00
-1.028475190920018933e+00
-6.526121824307370645e+00
1.069771724294705351e+00
3.994101507149516728e-01
-2.717185412782918696e+00
-1.564925682836886933e+00
-1.649931007032442665e+00
-3.438582908239981695e+00
-4.838047934533537209e+00
-1.690951143367460441e+00
-5.358397111837277293e+00
-1.256120773887458686e+00
-1.375654812883974065e+00
-2.670698530354158162e+00
-2.860987489648008530e+00
-2.671982265978912530e+00
-4.032022701896039507e+00
-4.779386912859090231e+00
-6.914315238892153381e+00
-2.138589774555130330e+00
-5.373064273669563740e+00
-3.418720169595412361e+00
4.826611613444442561e+00
4.571313318125173275e+00
4.185570130554025603e+00
-3.577653801764926200e+00
-1.362782260863593997e+00
-4.836745397309618610e+00
-3.623994120079766290e+00
-1.613520037450677735e+00
-1.838682458929695951e+00
-3.784983161910354887e+00
-9.761084576269390967e-01
-2.900618055735587841e+00
-5.020402423710984552e-01
-5.462191163479322320e+00
-4.170743520548546357e+00
3.007435234209528740e+00
-2.374721649469160756e+00
-1.151844557712140338e+00
3.589150544382260666e+00
1.544332606134520169e+00
-1.668465656945052000e+00
-6.491770543429961071e-01
3.926986194328143664e+00
-1.080526129534569169e+00
1.183921468087026918e+00
2.935092929195727951e+00
-1.634699306929455753e+00
2.040465679206419303e+00
-1.212628702188756957e+00
1.256600752582943681e+00
3.802316364945390159e+00
5.039660362460930187e+00
6.301164163562805731e-01
-3.577701850975499309e-01
4.795771236681867222e+00
4.197624144727547524e+00
4.792387445370159149e+00
9.970406979226096311e-01
3.498623137178769049e+00
3.453169701707990757e+00
-3.601899047613749127e-01
3.922285024104250173e+00
6.395643973767689339e+00
3.761761478308010442e+00
1.001200817498920204e+00
1.554211425124969903e+00
3.854541119690326756e+00
-2.642066097294808014e+00
-3.249867762408844118e+00
-2.316621310198430539e+00
3.925547497315109435e+00
5.100846870741526651e+00
-7.715728152408283247e-01
3.508662159862226737e+00
1.029451404629738853e+01
8.310677159695010197e-01
1.807313762086426356e+00
4.830941279963695045e+00
-2.980085218684635251e+01
4.823695941560068867e+00
-7.778757564040238437e-01
-1.350259870086882419e+00
3.343491596741354765e+00
-6.574036787941061055e-01
-2.170745628081842682e+00
-3.236826663563133621e+01
3.809197411038285352e+00
6.817570828651963843e+00
2.921692970502000719e+00
-2.307516020388071798e+00
-5.872390969355009149e-01
2.222181412235807674e+00
-3.865199895207279024e+00
-5.362114417623325302e+00
6.177173636491447573e-01
-3.441948254895076609e+00
-1.347174661380512006e+00
-5.740130848495826221e+00
2.123498063644643441e+00
6.359837109444962167e+00
8.877441695481900652e+00
4.842449127813543974e+00
2.296930053177605568e+00
4.498912122364316701e+00
3.674910191926550329e+00
3.847614964192521469e+00
3.182939928200413604e+00
1.730951927240407695e+00
2.494657284470328307e+00
7.316795080024962594e+00
4.212596750098280829e+00
2.924860114147343815e+00
-2.965446979657734516e+00
-1.976096993178854122e+00
-5.109961262918162106e+00
-1.084523944000319151e+00
-2.386044895582116965e+01
-3.973103871117664720e-01
-8.046153341951026050e+00
3.279505542388825856e-01
-1.037348278200100476e-01
-6.910758635235021430e+00
-3.987811149394187904e+00
-5.381738664364204894e+00
-1.473242171181345928e+00
7.923230393355686907e-01
-4.126687453839080755e-01
1.502123340136223284e+00
3.000271154564721154e+00
-5.270523088322203176e-01
1.004344050762378870e+00
7.694136861945625183e-01
1.268412231266595525e+00
4.892000530324697394e+00
5.366016226668040900e+00
1.019638588984682404e+00
-7.287403698563736654e-02
-1.363908206173832238e-01
-6.337878639264565850e-01
2.676897324561489100e+00
2.659417942705098792e+00
4.567904816411474833e+00
1.300197486812799452e+00
1.447190569351551881e+00
6.227287533104655104e+00
1.066663666700687907e+00
1.730609073109201868e+00
3.027408306339971489e-01
3.511473891070113762e+00
-2.314531391046353193e+00
1.325286021872633446e+00
3.206253404412790164e+00
2.272095791720541769e+00
7.270769448898136922e+00
6.044454282819878621e+00
5.602419263295991492e+00
3.754337391000782898e+00
5.135066902891792795e-01
9.981338570822577416e-02
5.149753337810022202e+00
6.248488139909316175e+00
-6.450234553910004109e+00
-3.352885186523649530e+00
-2.825099568348632850e+00
5.286242919225203174e+00
-3.174241041036025557e+00
-2.334547223506531211e+00
1.520544628623759165e+00
3.859563576628229242e+00
-1.032277804919036646e+00
1.927755922854623716e+00
-7.159824742396006525e-02
5.997915623423142328e+00
4.092675044612853696e+00
6.445521785154680217e+00
1.390493647527505372e+00
1.107588405062264192e+00
1.806609244370683820e+00
1.014294611588925532e+00
6.346615287386073723e-01
3.068393268147910025e+00
1.792906653839588804e-01
-1.421930897462824417e+00
1.638778149470474510e-01
-9.466832679546199891e-01
5.086282619856029363e+00
1.149342661634274121e+00
2.232217530610877354e+00
4.518555334162187798e+00
2.205497575340098146e-02
1.676763391740399678e+00
-1.040514365843338673e+00
1.097002620417628194e+00
1.775521820070246726e+00
2.056569502951422282e-02
-5.244531682327943756e+00
2.897980508642911790e+00
-2.119115940238478490e+00
3.116036818943815678e+00
3.973465416762409053e+00
1.987437712243109500e+00
4.487985347527699176e+00
4.160935678467577503e+00
4.874734471236310540e-01
5.566278429386047222e+00
5.779532913127644278e+00
8.225848588577118647e+00
5.110845260028758830e+00
-1.920455144777732936e-01
5.648603331278272854e+00
-1.524027907929899728e+00
1.018777865274209216e+00
