8.188418116440225880e-01
-8.872699497022280557e-01
-7.558224696539543874e-01
-1.945642042998471322e+00
5.420328091181576546e-01
-4.746367031741223208e-01
-1.327945426328943856e+00
-5.134706152520052136e+00
-1.275804890747371800e+00
4.337336593477064683e-01
-2.262948349348475663e+00
-1.738307437322804683e+00
-1.168042261182452357e+00
-7.435122470668937389e+00
3.229106868563911270e-01
2.444040370643114357e-01
2.240567016587814653e+00
-3.606926669617778636e+00
-3.647179655383058439e+00
2.368827563380983214e+00
1.142897721198581795e+00
-9.694089392102541725e-01
-4.366185858088088012e-01
-3.818813079129867560e+00
7.416413201553374579e-01
4.748248340133028877e-01
-1.552606811578597146e+00
6.351445630893403083e-01
2.188200106319084348e+00
3.051281784965689248e-01
-9.344376458371921323e-01
3.799645938423130698e-01
-1.063125682222735291e+00
-4.380528762252590691e-01
-4.110960958218893957e+00
2.984955369625239552e+00
-5.274801969178495309e-01
2.752676366572998745e+00
3.523321317088221605e-01
1.685050717951005750e-01
-1.069751848366955471e-01
-8.860211913999589406e-01
9.242744992023800288e-01
-6.930288046082996312e-01
-6.626487948686480278e-01
-7.958483199105834127e-02
-9.434613219047529586e-01
1.924843549652429431e+00
3.543611014882657173e-01
-7.519996913639144520e-02
4.213150515333189405e-01
9.705256307795275816e-01
-5.828664798505170941e-01
-5.993543192469709346e+00
-1.671712681564945679e+00
-6.128159354867633857e-01
-7.532113064451851692e+00
-5.358359545726340656e+00
-4.678638174983590581e+00
-1.380184776727209517e+00
-4.800894639208289627e-01
1.265923757741961087e+00
-3.075816749803964578e-01
1.578677073873123948e+00
-1.036655336096294899e+00
1.170224361187374829e+00
-1.621972044307262717e+00
6.462516249209721009e-01
1.661930445694112857e+00
2.643455799827558739e+00
-5.446671822639106431e-01
-4.067703708568638499e-01
3.809392100857361685e-02
-6.625891564490792307e-01
-2.361972901393731838e+00
1.740127477635510678e+00
4.094292075751087001e-01
-7.159233478522683214e+00
-8.430128099646281292e-01
-4.712110935344381302e-01
7.223484769703403252e-01
6.430937207383836673e-01
-3.287306934309272011e-01
-5.121148519830504009e-01
3.216811573246715072e-01
-4.933153149862672393e+00
1.810419898734116018e+00
-1.064329387757750434e+00
-3.144858510874003477e-01
1.392659898267555540e+00
8.828440974426713383e-01
-4.817123303702834924e+00
1.230706313273822960e+00
1.838956278582893678e+00
2.015238047805632815e-01
-3.747326157853534845e+00
5.007001532360519924e-01
9.149433656316572350e-01
8.270908120489133264e-01
4.577557700559073961e-01
-4.844367734993796359e-01
-1.077814494150245855e-01
7.853547770131023009e-01
-1.377058401136714183e+00
-5.264274481099646685e-01
7.072922155930561061e-01
-4.740603093478278351e-01
1.412273362717639147e+00
4.476700912930166587e-01
1.352418792081834464e+00
-4.525799482052504374e-01
-2.664532479316649827e+00
-1.766499308729481577e+00
-5.665115624998866561e-01
-3.075046826634096897e-01
-1.400263167660050767e+00
-8.748617668586911478e+00
-3.928326749088720815e-01
-2.130382769298361012e+00
-4.082482904638630394e+00
-7.024739916115310123e-01
6.600069420535443765e-01
-2.727204667290858975e-01
-5.791822947276810130e-01
-1.424602452647327988e+00
-7.522722048633445624e-01
6.004442799572108358e-01
-4.559298191608002426e+00
-9.589119071154562912e-02
-5.395464762186850116e+00
1.123539344812036056e+01
-1.435608428816423698e+00
-4.682067919199806028e+00
-4.808270550152076162e-01
-8.996731724211262105e-01
-6.101112625802548095e+00
1.085410379675674797e+01
-4.189549874432364068e-02
-1.016259570857497296e+00
-7.712152565326095832e-01
-7.431198874864678450e-01
8.790430984726669283e-01
-6.012053390058364144e+00
-2.885442885444327921e+00
-6.242516974892272863e+00
-8.132944868683360529e-01
-1.449380018724987806e+01
8.161554843215187427e-01
1.703864773532789201e+00
3.612686678136201035e-01
-1.065919713345058195e+00
-8.177585778860988475e-01
-1.903096959593046700e+00
1.780282030304457308e+00
7.918424671319562735e-01
-5.177315457728764336e+00
-7.965216956029020912e-01
-2.095789846921386701e+00
7.061673072253215055e-01
1.848210736009796573e+00
-1.587072310563824917e+00
-4.082482904638630394e+00
3.434718747519182602e-01
4.637631043253928054e-01
1.216302845255184506e+00
5.994685146027269873e-01
6.781203593177139721e-01
-2.764961723665145588e+00
2.056435953578139575e+00
-4.198503445632109088e-01
-2.353941072868110385e-01
1.705003176719873670e+00
2.932007781999721896e+00
-2.664532479316649827e+00
-7.888946451395224546e-01
-8.309576004287293483e-01
-7.064500458528744087e-03
-1.309958432476590495e+00
1.423596764494292399e+00
1.892132627756085705e-01
-4.912549102668734569e-01
-5.352408708959173200e-01
-1.482124654806303843e+00
6.145719040454746818e-01
2.213708219825226031e+00
2.797633282547795086e-01
-1.056983452128564149e+00
7.440996037777360961e-01
-3.401427184117839508e-01
-3.480877023735401421e-02
-7.474250166590719058e-01
2.601203338575408974e+00
-9.897018928525846970e-01
1.351413503860994325e+01
3.118471431626662627e-01
4.442737924752098722e-01
2.471581015692783989e+00
-1.326020504810031753e+00
3.484958905906355042e+00
-1.584767531929245132e+00
1.221756235821133268e-01
-2.457432449836238320e+00
-2.908635398305684294e+00
2.248369693623237353e+00
-1.222255166611167176e+00
3.262096810611099240e-01
-1.879308255362832636e-02
-5.991207446239183998e-01
4.761179377276351932e-02
3.774118830156710236e-01
2.014546054654593049e-02
1.377233535345655513e+00
9.382028222432313713e-01
-3.607787373131865927e+00
-5.427485605692566217e+00
1.041425828935415687e+00
-2.926799249377012302e-01
3.797038073314725759e-01
9.640364882084756504e-01
3.135346870762467653e+00
5.774801297024640956e-01
-1.450952500220024644e-01
1.728197519575428998e-01
3.519530760512482037e-02
9.752173800352144095e-01
4.276179870598793842e-02
-1.920434733391736870e+00
-4.348178706598445409e+00
-1.626583161569152614e+00
-1.150631939616276966e+01
-1.698429059948133313e+00
7.625125074479474074e-01
1.099591228913337382e+00
-2.544800231851438888e+00
2.606319290619480533e+00
-3.251613174301967391e+00
-3.356188314144484264e-01
-8.839874682152033536e-01
7.666964413915762222e-01
-6.051700333218500205e+00
-4.737217477787299957e-01
-9.344237914816195811e-01
-1.496445217776458003e+00
-3.844504933254499157e+00
2.437327359669038129e-01
4.989415067021168992e-01
-1.463176324218039281e-01
-3.369879654956373649e+00
-2.962906068833882633e-01
-1.757511981665696776e+00
8.773444477150451615e-01
-2.332131663592122983e-01
2.192968224057388338e-01
9.340281918903822200e-01
-3.956245666680154316e-01
-7.071067811865474617e+00
-2.254040815956978250e+00
-1.839220243979520886e+00
1.407974160141177933e+00
-9.050398859944456254e-01
3.567581229235786133e-01
2.102613729767296658e+00
-6.357254074290200840e+00
1.094730059097229535e+00
4.614654050622757908e-01
-8.053154744156685751e+00
8.853069612350670248e-01
-2.160195867835390082e+00
-5.036903810874294507e+00
8.109947961555676876e-01
2.417288956323669358e-01
-2.551416691186361607e+00
-6.104804213302717386e+00
-3.297661762666967422e-01
-2.784340199105362346e-01
1.247213941356352329e+00
-5.668038364875820079e-02
-2.244079029656616875e+00
-1.320918037239354970e+00
-9.347986256880330913e+00
-7.038781460199232676e+00
1.547718039027146331e+00
3.906769737979044699e+00
-1.269156474716553351e+00
-1.009408309828912387e+00
-3.821529828784119842e-01
-1.334192827244129909e+00
-1.865852018036281978e-01
1.742475749305151256e+00
2.019178062351843383e+00
9.145669252609955890e-01
6.138104844763072609e-01
2.083704682945512143e+00
1.486255604815960973e+00
-2.838208915890882977e-01
-7.003564249374881534e+00
-3.204014522991672220e-01
1.250574935834442902e+00
-1.042361976343564978e+00
7.232721754342003040e-01
-2.909351972456601654e-02
9.145661412745385022e-01
1.862731345961325502e+00
-4.581292394073968488e+00
-6.279625907525187678e+00
-4.381780460041328595e+00
-3.228183580710556555e+00
1.506606900092618828e-01
-3.963450407212733229e+00
1.159999999999999920e+00
-2.477695120012653796e+00
-1.163246784764221387e+00
5.175653386279475132e-01
-2.927892885577706994e-01
7.900618451899861228e-01
-1.799555500672318731e+00
-1.736506320975893594e-02
1.058459206897401916e+00
-3.151322066884114648e+00
-1.019629427491335755e-02
-5.178251957305024522e-01
4.513284416895944062e-01
-9.395363138881859255e-01
-7.718957329602199602e-01
1.011007294545776647e+00
5.686321649146318657e-01
7.769046049039893820e-01
-8.056248801832852635e+00
-1.239168493998770826e+00
-3.360333316800581560e+00
-1.499877973471970716e+00
-4.840034482914949088e+00
-5.124141155945518555e-01
2.099889580789552901e-01
7.137548314568525898e-02
-8.677552205212037961e-01
8.589803207350344971e-01
-3.924112286503678160e-02
5.577322817223483442e-01
-1.479535255436051910e-01
1.338471452702386877e+00
-2.870357400147509619e-01
1.309080327691095835e+00
2.363899383485196792e-01
-7.909690259422299086e+00
7.786426366309345815e-01
-5.283824871970771442e-02
1.218764464317959151e+00
-1.456723510822800050e+00
1.378343388549742699e+00
4.132075426600116397e-01
-4.413816584474298810e-01
-1.427841406373332234e+00
-1.552881756554362891e+00
3.338889077446750786e+00
1.206936679100357457e-01
3.504710079807879630e+00
1.293188256378932977e+00
-5.129114764974379570e-01
1.914320527806436578e+00
4.719875882733877148e+00
1.356327564767977112e+00
4.177932763968991714e-01
4.587779654917192307e-01
1.682260559790959231e+00
-1.688047950252877571e+00
2.272652522454295276e+00
2.169454098657621066e-01
-6.263008462336363547e-01
2.798755833809849936e+00
-6.077992225427548967e-02
-1.082540483085307814e+00
1.728197519575428998e-01
-1.588740872822127503e-01
1.618845339572340114e+00
1.885086880255823605e+00
2.031146834879362650e+00
2.366985652173606791e+00
-2.664612542190702094e+00
1.588568541046938121e+00
-4.259577443831722987e-01
7.547887365825700634e-01
-7.918377456175068607e-01
-4.703876542446291387e-01
2.459512146747806494e+00
-1.391385015497921485e+00
-2.983471147242826027e-01
2.646606229368498875e-01
1.460776615455840477e-01
-1.510057760709161201e+00
1.447630730837664359e+00
3.848682958603842352e-01
7.014690965795516986e-01
4.820750427425396500e-01
2.441281730142288886e+00
3.658697431548121881e-02
-6.679896805590138875e+00
-1.919992976730598433e-01
3.738116587269996738e-01
9.441026222395548784e-01
5.524682307134400894e-01
-6.730357803592878163e+00
6.838485414209274360e-01
-1.007763785201443163e+00
-5.125677863168657256e-01
-1.744398381759658445e+00
9.685193754856193937e-01
2.955670576583583897e-01
5.858026063369867753e-01
1.010777832476248556e-01
-3.686048903872428451e+00
-1.627310466210322160e+00
-2.167337616099268338e+00
-6.009219160387503367e-01
1.630518904307487027e+00
1.485989692332863044e-01
-1.404180235071405880e+00
9.031467634967992320e-01
-1.552867015009253615e+00
1.230074637150612826e+00
-9.276780325468462207e-01
4.300100685472497131e-01
2.116241212403538186e-01
9.892678177229750069e-01
